10029334
10058462
10122079
10130833
10168620
10213485
10231861
10245067
10328193
10358872
10373718
10382649
10386390
10410134
10446328
10456007
10468658
10590292
10629569
10678816
10739051
10749330
10782069
10799406
10801444
10808011
10881557
16003438
16697314
16796395
19242984
20660093
20738187
20903173
21125066
21421321
25446597
25548957
25552719
25591272
25716939
25744945
25762097
25766576
25792904
25795186
25811085
25813546
25814948
25826620
25831947
25855046
26702000
27079613
28594431
29674629
3213870
33250453
3382315
40015142
40024903
40027193
40110238
40123981
40153368
40176708
40253955
40282936
40302879
40320722
40346675
40379880
40397175
40426177
40445490
40477682
40531823
40562578
40563649
40566897
40573539
40580542
40632962
40641354
40669825
40700767
40724895
40729644
40731329
40793282
40806497
4081340
40814961
40825089
40876257
40886063
40930089
40957755
40990934
41022804
41026851
41042694
41072182
41130674
41184613
41189847
41218642
41220196
41225702
41263647
41264223
41264666
41294965
41296806
41298221
41326438
41347967
41415475
41448020
41454433
41458607
41471051
41482087
41491604
41493421
41567687
41591054
41609704
41617928
41638474
41655598
41659979
41667830
41681774
41782520
41822833
41827515
41843882
41858902
41862629
41878627
41902891
41932914
42007746
42014706
42021840
42036104
42076983
42079138
42093771
42105763
42108030
42111434
42118733
42198370
42224423
42247918
42296039
42296783
42321564
42327245
42338836
42346173
42398193
42400197
42403439
42417503
42420264
42429940
42434542
42471927
42473165
42497979
42499103
42531443
42535976
42545539
42554204
42565015
42599248
42606505
42614158
42615510
42615709
42617827
42628243
42631477
42688400
42718977
42740745
42787549
42809239
42811289
42830768
42884213
42901078
42901237
42930797
42959939
43022509
43033432
43051304
43070891
43073516
43092589
43111668
43180195
43209266
43212510
43241178
43265269
43280387
43322050
43374472
43406727
43432538
43455813
43482418
43563166
43579634
43598138
43600197
43612433
43653137
43656384
43723008
43727179
43732605
43743320
43747504
43755747
43767901
43809896
43813090
43938360
43953194
44027483
44063684
44098675
44127373
44194089
44202199
44305684
44310692
44353968
44412128
44436796
44445258
44484914
44499724
44531026
44536483
44541324
44546544
44546906
44547965
44549295
44550987
44555486
44565355
44608234
44609882
44659025
44772532
44808114
44822993
44852453
44854265
44869167
44872028
44875723
44892761
44929261
44943416
44965969
44984516
45014575
45023624
45059848
45066902
45090896
45093888
45110809
45120475
45125789
45134291
45160519
45190943
45193605
45253192
45257406
45449446
45454433
45485471
45501800
45511549
45532502
45538700
45556701
45703029
45714736
45727517
45740322
45749737
45761855
45780602
45782004
45801084
45815444
45834617
45836484
45847227
45882791
45890740
45982704
45992470
46007308
46049297
46057417
46062889
46113748
46118544
46129661
46140386
46188013
46243678
46265024
46282133
46287406
46289429
46300137
46318497
46320271
46342938
46398404
46404073
46414388
46434086
46452979
46489017
46542570
46544046
46544469
46549954
46593497
46602989
46627714
46631311
46631389
46647147
46677548
46694549
46701351
46709972
46726597
46736511
46750398
46757209
46793085
46837139
46840497
46843492
46850669
46880115
46899460
46906999
46911036
46916287
46957671
47007309
47020457
47025170
47029535
47082243
47116104
47116197
47179027
47198796
47219768
47232839
47262951
47278790
47303660
47313982
47361405
47367158
47395994
47416759
47446458
47481653
47530615
47539221
47547397
47556026
47559234
47573885
47580099
47600344
47600581
47609618
47618905
47629153
47636341
47649521
47669544
47671310
47672792
47693115
47727139
47747079
47771491
47788038
47794896
47798477
47802152
47820855
47878667
47905548
47911914
47934496
47967290
47990999
48063193
48065486
48070005
48071943
48085394
48086912
48098599
48112006
48113534
48132729
48216739
48238941
48264617
48278621
48286611
48311600
48320853
48329908
48357707
48377701
48381251
48382970
48399069
48404557
48421055
48429391
48450979
48457065
48479643
48496368
48556905
48579589
48637405
48649662
48683029
48731653
48759753
48948074
48982524
48982843
48999893
49021764
49059916
5381714
5631677
60028877
60039956
60042960
60072653
60072991
60079461
60104775
60105037
60111982
60131588
60163082
60192652
60196534
60199489
60202008
60233118
60245994
60246189
60255326
60266671
60275533
60284874
60284977
60288502
60296727
60297092
60323411
60428153
60429288
60431051
60452289
60456263
60456713
60458669
60469729
60474195
60475566
60508526
60514730
60530216
60533343
60573714
60573719
60574942
60580054
60581149
60598917
60602850
60625219
60652057
60652475
60652478
60653423
60660697
60698550
60699050
60720779
60729209
60734588
60738259
60748589
60753500
60759859
60768494
60770048
60772989
60776570
60777258
60777434
60780630
60780713
60780776
60789531
60789595
60790814
60797307
60798303
60800585
60805830
60805889
60814884
60815046
60815152
60815377
60815489
60816527
60819159
60827147
60854397
60854873
60856227
60861245
60861489
60871988
60872346
60873046
60895903
60896142
60904746
60918043
60921115
60928669
60930453
60930650
60941884
60942499
60943543
60944539
60944781
60944841
60945174
60946545
60954711
60960517
60960936
60961318
60977654
60978091
60981026
60992934
60995113
60997837
61000270
61011087
61011516
61011750
61031081
61031649
61053573
61067116
61071172
61074888
61076442
61077253
61078810
61093131
61099700
61104489
61106223
61107752
61107812
61118408
61125003
61157700
61159787
61170463
61170620
61171155
61176756
61197873
61209144
61213935
61216943
61225770
61226179
61238429
61251074
61253842
61262190
61267806
61268348
61270355
61270792
61277488
61283467
61308889
61319425
61323213
61330162
61331970
61340296
61347968
61349690
61371671
61424461
61426314
61503432
61511765
61527079
61529967
61545236
61575777
61625415
61641886
61700706
61747062
61772593
61786755
61833463
61833499
61841261
61841557
61891602
61915169
61934537
61953170
62016223
62060599
62109653
62129991
62333199
6246714
62471875
62473231
62602797
62720933
62775472
62776169
62807965
62915705
62949905
63123403
63256503
63259752
63348108
6668061
6912211
70030189
70031395
70031455
70031763
70036281
70049591
70061022
70063914
70072333
70076110
70079187
70088663
70091572
70124641
70151423
70169290
70171114
70180178
70180569
70205242
70263401
70295001
70307007
70311920
70314224
70315333
70346783
70351678
70407020
70407348
70425162
70428329
70446991
70449100
70458129
70462776
70488223
70489372
70528345
70531735
70540274
70555887
70556265
70576718
70591361
70593999
70595324
70599915
70602156
70604683
70605360
70609700
70616946
70618412
70624979
70631512
70633391
70636906
70639694
70639904
70642158
70643745
70644472
70650188
70658082
70686934
70687261
70688718
70689563
70693388
70704515
70706479
70707242
70713615
70719096
70719242
70723026
70723562
70730275
70731537
70732489
70739774
70743843
70751987
70752009
70752347
70767379
70769684
70806075
70808761
70833242
70835003
70841524
70847247
70852057
70856390
70860191
70860251
70863449
70865757
70865790
70871360
70876361
70879842
70882379
70883354
70889909
7089036
70893155
70896282
70898949
70902487
70904648
70906125
70908600
70913366
70916548
70918708
70919194
70922115
70936664
70939357
70940226
70941291
70944897
70945041
70957592
70959758
70967493
70970752
70970879
70972242
70972792
70976018
70979392
70985141
70985157
70985268
70985340
70985389
70986188
70986313
70987939
70987962
70994393
70994649
70994960
70998568
71012853
71012922
71020900
71024648
71026642
71047752
71062071
71079876
71089398
71095453
71103891
71103916
71111902
71112621
71113180
71135085
71141498
71154916
71155006
71155261
71158442
71159316
71159379
71160912
71163620
71165825
71166070
71168896
71172714
71178871
71183135
71192318
71193211
71217700
71226556
71242078
71255031
71255266
71257113
71257114
71259451
71263536
71264837
71268180
71269765
71270691
71277480
71278105
71278417
71283110
71284809
71292562
71293191
71305250
71309711
71310844
71314201
71320114
71320368
71324283
71331294
71340090
71341089
71342491
71343988
71357628
71374622
71378371
71394421
71400897
71402360
71407741
71412996
71416768
71421540
71426598
71427315
71427848
71431084
71434449
71434462
71456808
71457798
71471557
71482784
71484939
71495657
71498815
71514732
71524872
71535077
71556807
71562251
71564555
71594505
71610690
71619221
71646193
71655822
71656355
71656430
71662723
71663131
71674524
71680932
71698250
71705599
71709895
71716891
71734447
71740047
71746273
71753314
71788889
71788891
71795607
71802744
71846226
71889185
71904885
71909030
71916881
71927664
71931298
71951416
71952101
71956000
71969311
71971693
71976452
72004379
72016552
72022077
72035855
72044855
72072344
72094480
72094743
72104825
72126710
72131784
72145314
72174600
72180734
72181644
72183220
72191306
72192032
72193083
72196563
72204239
72209237
72211369
72216276
72217188
72221769
72235036
72250735
72258176
72258385
7226512
72280672
72287015
72300905
72302533
72313877
72329091
72331463
72347555
72353665
72355047
72364149
72372301
72374506
72386791
72396128
72398590
72402729
72406419
72406841
72406843
72410439
72426064
72429946
72434493
72440076
72443338
72455864
72456940
72459467
72473666
72497512
72499370
72499890
72519429
72529906
72541400
72554632
72558005
72571862
72575635
72578533
72587630
72604789
72613492
72617269
72630646
72638336
72639483
72639495
72640273
72641054
72642536
72659740
72662161
72682233
72685450
72685939
72690219
72694414
72698786
72699668
72707092
72710016
72715216
72718294
72718963
72721789
72723752
72725304
72728686
72733632
72734205
72744519
72751286
72759336
72760517
72764208
72764242
72764693
72765236
72765881
72767529
72771254
72772355
72773278
72776629
72780197
72780609
72783253
72785655
72794461
72808619
72810533
72810573
72811452
72813313
72815816
72838847
72846183
72850463
72856313
72858000
72858227
72863768
72865557
72871197
72872177
72872247
72875369
72883877
72886243
72886311
72896094
72896365
72899164
72900977
72903734
72905747
72925474
72925491
72929171
72934099
72946279
72951680
72955358
72955792
72956251
72957410
72958074
72967812
72968149
72973573
72999121
73023200
73029269
73035070
73041180
73043086
73062303
73090440
73093029
73101299
73106968
73111109
73128281
73131538
73134048
73134050
73147094
73160352
73175702
73180539
73186459
73200804
73203565
73204414
73211031
73218730
73226450
73230269
73232899
73239038
73243321
73244388
73247815
73264754
73264769
73267425
73307886
73325274
73328928
73334909
73339986
73351438
73353813
73361953
73382770
73384677
73389023
73436007
73443339
73448247
73457956
73458547
73458655
73460110
73460116
73460737
73477834
73497708
73520425
73530848
73537491
73539269
73570461
73593658
73595788
73602641
73604193
73605424
73612528
73612556
73625896
73633605
73636743
73659942
73671425
73672127
73675226
73675456
73683769
73691138
73698132
73702992
73746681
73752611
73757220
73758262
73769977
73774518
73777460
73781481
73785621
73789706
73791973
73795292
73814840
73820578
73824283
73824891
73884120
73886499
73891280
73931743
73931750
73938058
73938313
73939700
73944965
73960190
73982242
73982707
73988057
73988429
73992537
73994110
74020680
74030333
74044446
74050154
74054663
74061941
74063299
74079607
74079732
74080183
74088661
74088663
74097299
74097472
74119683
74128201
74129512
74129921
74134273
74135875
74142325
74148641
74148802
74176437
74200886
74202129
74204040
74207091
74208657
74214320
74215731
74215841
74216050
74216126
74216338
74236391
74244352
74247028
74251623
74265159
74265163
74297124
74302025
74302184
74319941
74322825
74372349
74377518
74378094
74384256
74392045
74393493
74408738
74421673
74430526
74433461
74438385
74439448
74453534
74473277
74479672
74487871
74489694
74491673
74501675
74537226
74549810
74557230
74561700
74564972
74565104
74566112
74570893
74571944
74583384
74583427
74584688
74590089
74598305
74598353
74606600
74612491
74624050
74624532
74625921
74642672
74645602
74653441
74686849
74693203
74695029
74695641
74702105
74706749
74710212
74711722
74712066
74712358
74712511
74712736
74714139
74716542
74716892
74717001
74718645
74724863
74728729
74729610
74733671
74734170
74734373
74735344
74737718
74742597
74743783
74745291
74745403
74745707
74746320
74748391
74749239
74749514
74754069
74757358
74768497
74768783
74786899
7478840
74794039
74805588
74806965
74813931
74817782
74825277
74828256
74833008
74833438
74833494
74839093
74845408
74847425
74851858
74854480
74860050
74861859
74864367
74865817
74868009
74869842
74882409
74883620
74884293
74884774
74890872
74904957
74905631
74906717
74913078
74915556
74915951
74921316
74923032
74934216
74935621
74938774
74940305
74944508
74956414
74961833
74963219
74964263
74965485
74971683
74979546
74982275
74985890
74985940
74986842
74989123
74996828
75005827
75009857
75011584
75012577
75025256
75025822
75025824
75042557
75048028
75067008
75068556
75069414
75085395
75087889
75088118
75096686
75110029
75128834
75132901
75147951
75148944
75149342
75149616
75149848
75151992
75162497
75164116
75167633
75170838
75171229
75172738
75173977
75183590
75188742
75193947
75199633
75202479
75202651
75204446
75213492
75215605
75216876
75229126
75254167
75268490
75269314
75279484
75279851
75284242
75308898
75317451
75320072
75323025
75324521
75326340
75332690
75343487
75344230
75345745
75351938
75354028
75355701
75356817
75358053
75359700
75361584
75366571
75371121
75371259
75379053
75392455
75393949
75399794
75399816
75399903
75402926
75403011
75403137
75405833
75406222
75412083
75419502
75428058
75435917
75436931
75437683
75442861
75454300
75455021
75456017
75460014
75483234
75487575
75488035
75496518
75502455
75504313
75504553
75517553
75526754
75539817
75540724
75544056
75548368
75549362
75556690
75564781
75567063
75575134
75589557
75589563
75589605
75597656
75598538
75599237
75606674
75610515
75610674
75610796
75617570
75619509
75624852
75624926
75630486
75630744
75659383
75671961
75672616
75673134
75674488
75677144
75678745
75679806
75682119
75683347
75690158
75692586
75693241
75695051
75697523
75700150
75701854
75712000
75715176
75728861
75738876
75744002
75745355
75764579
75776047
75795963
75795989
75805760
75807889
75808429
75831378
75851921
75856686
75861880
75871896
75915161
75915368
75921718
75928313
75932524
75946176
75956317
75956718
75966586
75967243
75968299
75970769
75972656
75980668
75984798
76001427
76002223
76013453
76017190
76017327
76017559
76041193
76042377
76043635
76051024
76052677
76057010
76062046
76079334
76094564
76109577
76109584
76117311
76124210
76136269
76144447
76145467
76145743
76155148
76177663
76178082
76179879
76179888
76196293
76206303
76206417
76211746
76218007
76229267
76231433
76239548
76250835
7625158
76258561
76270297
76277453
76279917
76293737
76296269
76297502
76299295
76299358
76309767
76312133
76312627
76326068
76336236
76339039
76344666
76348373
76355535
76375925
76385200
76403658
76406658
76424691
76427364
76433940
76449012
76455770
76463714
76463831
76475932
76478703
76482639
76486027
76487130
76490156
76492521
76510500
76514644
76528825
76530693
76537369
76548406
76551493
76569267
76578347
76581123
76582016
76589096
76603789
76611259
76614064
76620960
76628744
76648242
76653138
76659009
76668631
76683441
76690540
76696421
76707918
76711660
76723754
76747977
76757705
76766235
76769686
76774562
76774749
76775488
76778233
76778453
76795279
76804929
76804952
76814281
76814733
76816513
76817953
76819081
76820292
76823300
76826265
76851945
76855592
76866931
76883963
76908027
76908294
76919785
76939343
76948278
76949523
76966668
76973200
76999446
77005875
77014286
77027328
77030163
77033674
77036597
77099667
77100339
77100412
77108187
77111520
77115408
77144433
77148762
77151353
77163643
77165500
77169914
77201379
77203262
77211727
77218843
77221406
77224712
77225813
77243176
77244984
77246104
77255632
77259384
77271943
77283279
77288264
77298689
77314628
77321040
77348673
77352112
77352413
77356215
77387534
77393012
77393659
77396713
77417496
77425857
77431734
77433023
77433941
77451906
77474205
77487557
77490556
77494576
77504157
77505155
77505383
77532766
77535673
77536770
77560030
77574795
77576571
77601435
77601451
77608100
77621851
77627683
77660657
77663893
77669179
77676090
77678839
77678908
77690441
77690722
77693767
77705998
77794565
77797592
77815681
77898763
77913783
77919786
77921430
77921864
77923472
77965235
77965253
78002595
78009985
78015510
78021947
78087261
78116807
78463700
78718622
78872380
78885256
7899761
79049335
79217979
79299466
79354019
80270248
80369049
80652531
80654347
80978220
80997145
81012033
81053866
81558149
81650341
81879143
8231647
84915310
85012939
85109548
8515735
8582987
86493237
8659914
87078665
8832919
8873056
8962460
9007753383
90085187
90182847
90296761
90445465
90646476
90697019
90812809
90876684
90902220
90920067
90972661
90983216
91014212
91148402
91269677
91275180
91358864
91430729
91430774
91454620
91749116
91772275
91924473
92002560
92020073
92218148
92282528
92572288
92704994
92804273
92843854
92866553
93045789
93143917
93180503
9328077
93383505
93498835
9350265
93786089
93898012
94074830
94555112
94580195
94704543
94711626
94742683
95015183
95125680
95384080
95417114
95466380
95534203
95559900
95710019
96067594
96121952
96402122
96462667
96537856
9654905
96582871
96608796
96613020
96639671
96776963
96796309
96798844
96839565
96857468
9699930
97040391
97096772
97150579
97154334
97245394
97340908
97370748
97415671
97676198
97753383
97850802
9786304
98269598
98275463
9827704
98535844
99340186
99916997
99921468
99942013